160
12
3
223
118
251
220
140
220
72
198
15
123
20
33
42
102
158
58
57
243
161
243
161
21
66
215
187
224
104
87
116
165
179
155
162
115
144
223
191
226
218
8
148
33
138
69
159
76
9
90
1
89
177
105
138
231
166
62
18
125
5
16
150
112
40
120
158
246
92
7
184
78
128
145
24
35
157
167
148
180
74
238
22
171
229
7
102
254
203
83
108
81
29
145
218
13
100
54
107
146
13
27
112
154
20
6
7
169
218
21
24
179
147
217
234
43
230
210
108
68
226
238
153
99
24
131
167
138
83
185
233
193
224
241
11
111
197
39
208
33
203
166
15
75
62
72
158
128
14
200
229
87
6
128
84
154
50
143
124
42
75
226
123
124
235
220
24
208
123
127
126
86
90
74
24
222
185
229
225
22
16
148
37
137
102
70
63
44
144
57
108
48
26
91
25
133
193
191
242
8
100
67
193
84
52
16
65
128
71
73
214
111
54
24
243
219
211
232
162
27
144
188
162
220
18
225
185
220
247
49
198
221
47
208
243
166
159
173
249
171
9
71
154
229
202
82
213
129
74
5
76
73
210
83
102
247
173
154
140
238
254
69
194
127
115
94
140
93
92
180
202
215
213
112
221
88
12
26
185
96
217
32
59
155
132
131
42
143
58
247
144
231
228
92
225
184
198
82
139
107
253
11
89
105
87
108
9
85
83
56
142
19
131
125
111
170
99
220
27
73
24
155
242
199
106
156
233
227
252
191
88
209
53
23
38
145
9
148
134
41
192
81
58
238
127
102
117
137
4
177
182
218
254
206
208
153
252
125
255
26
25
141
154
22
174
36
152
128
106
92
145
102
19
52
122
129
120
85
36
25
209
77
228
32
206
247
200
95
5
235
108
49
103
201
124
157
215
131
200
124
11
253
37
88
33
249
32
27
38
136
19
113
68
27
26
92
118
161
216
56
26
132
254
231
71
164
243
61
43
227
149
100
235
243
124
238
95
121
65
213
224
132
68
213
229
78
252
8
97
133
33
38
143
113
151
221
32
144
105
181
129
95
123
255
151
187
166
145
11
165
189
152
158
251
128
186
126
126
11
218
241
35
240
24
219
84
89
208
4
12
112
106
201
207
176
193
158
91
174
107
125
51
178
161
216
153
233
105
14
190
208
90
138
94
167
148
96
212
252
144
130
161
215
251
213
196
3
102
208
61
222
166
5
30
86
15
230
67
71
158
255
170
18
162
161
167
243
158
20
56
196
61
32
117
193
34
151
197
7
235
203
194
146
19
239
138
171
236
60
53
130
204
14
243
142
188
103
42
223
74
122
172
163
58
3
27
46
105
88
75
250
118
82
45
33
199
40
120
168
55
33
144
213
100
121
222
182
34
114
139
49
127
138
138
251
114
77
254
116
48
123
230
248
139
244
81
88
42
242
218
59
111
68
205
54
182
231
65
243
222
254
166
170
113
225
81
134
77
153
251
52
128
43
42
239
56
129
134
18
241
70
119
179
38
206
157
112
220
140
117
239
204
50
220
143
68
228
161
227
245
48
165
63
50
146
206
220
141
198
106
93
146
70
50
16
8
87
173
119
60
10
193
94
123
251
105
12
99
45
227
72
76
100
173
246
235
9
131
200
7
29
234
184
160
81
36
187
239
71
213
111
24
147
195
211
49
238
65
238
11
226
252
219
52
161
247
146
95
199
8
12
78
70
24
230
158
52
15
27
113
43
51
228
173
194
78
25
147
183
244
44
133
99
157
42
138
155
217
245
111
136
246
93
223
16
63
211
193
249
173
151
113
114
172
190
104
181
63
137
98
152
35
205
142
211
177
82
108
60
255
90
147
184
195
27
12
73
207
17
35
208
87
119
53
26
85
98
167
226
207
240
236
116
243
154
114
7
91
66
55
176
122
143
20
147
125
94
234
132
132
107
231
152
129
48
115
195
71
144
144
46
225
115
139
227
21
44
94
72
22
165
207
38
122
18
154
203
197
88
148
33
96
7
205
131
152
144
234
188
93
116
117
181
187
249
209
222
201
206
86
118
104
245
162
188
42
175
140
38
121
106
82
46
233
165
186
86
172
80
245
111
87
99
73
224
204
160
210
104
122
175
106
10
176
47
235
23
65
12
187
148
160
140
44
141
50
111
174
203
129
141
162
194
234
219
169
39
218
169
14
210
86
240
147
116
141
174
191
41
176
177
227
79
9
115
75
230
42
219
171
140
113
163
202
230
58
49
244
30
49
123
122
4
115
2
194
81
93
167
78
164
1
252
127
107
38
252
201
238
185
38
17
71
163
242
167
13
51
112
244
52
75