109
45
24
185
94
74
136
3
178
161
235
249
94
213
153
123
127
214
73
192
117
164
204
53
144
113
124
38
200
245
50
98
140
59
230
196
131
170
127
201
157
24
98
46
209
49
211
97
58
39
157
23
141
186
107
129
64
42
92
165
106
230
141
213
108
152
67
157
74
125
35
72
172
63
130
23
179
4
252
42
255
189
80
29
183
92
145
147
85
186
171
47
32
6
152
153
101
27
56
221
78
13
73
51
134
53
107
228
41
253
120
221
100
103
99
251
101
219
61
191
223
66
253
51
142
135
166
25
97
247
177
66
134
130
153
197
223
132
184
69
184
160
130
63
244
194
217
113
179
201
210
88
190
56
244
38
192
152
208
184
181
89
24
42
236
56
49
203
59
180
113
86
10
178
110
40
126
81
233
16
112
134
123
138
43
127
163
209
160
32
211
126
138
10
205
181
131
171
97
120
220
255
125
113
168
105
196
180
54
206
81
109
192
172
238
63
172
228
160
177
160
118
247
236
77
160
231
36
56
134
22
113
90
192
253
64
64
199
137
213
27
84
51
195
224
217
23
121
244
140
84
232
43
142
112
115
179
178
217
219
33
59
99
159
109
246
38
172
215
186
97
204
46
196
14
129
125
68
38
185
52
191
249
62
71
36
205
8
194
152
90
165
155
195
183
64
98
128
11
17
135
112
233
254
250
0
77
81
54
185
130
222
82
167
208
183
3
87
233
88
114
54
50
150
193
241
47
186
187
122
219
82
47
96
221
168
225
95
227
10
176
104
35
9
151
113
10
57
19
70
224
37
78
75
84
45
196
216
147
176
127
67
23
47
168
148
126
248
188
252
132
20
202
11
206
0
61
91
232
185
52
37
138
57
173
205
207
35
157
215
117
212
182
178
60
118
241
167
195
11
70
65
240
196
112
233
188
150
122
42
145
139
200
67
253
131
242
207
19
99
157
179
249
255
146
240
99
131
219
254
197
62
211
64
212
25
138
48
26
142
103
134
27
52
47
146
143
207
90
105
11
194
91
78
188
7
195
116
83
141
177
183
255
113
214
85
187
127
134
41
255
132
97
195
69
84
94
38
225
164
216
49
141
215
126
119
100
215
124
185
137
71
93
213
196
159
178
141
158
239
5
195
55
85
83
146
114
29
54
40
111
190
125
185
159
147
228
86
88
70
160
12
186
84
142
34
132
90
92
95
126
15
24
250
122
136
104
26
73
224
15
201
35
172
241
152
19
3
166
232
18
51
163
13
64
10
83
77
79
172
65
35
155
187
174
148
141
56
178
251
154
41
12
168
110
16
110
119
240
190
121
32
163
94
144
83
9
1
185
188
38
213
7
218
189
129
136
185
190
1
58
185
235
232
161
52
104
254
218
176
57
144
236
22
214
133
193
192
109
255
229
157
131
106
140
187
16
141
97
228
73
103
250
15
65
48
224
137
111
249
88
237
136
205
5
216
117
64
196
249
130
168
42
171
186
85
188
12
25
137
158
171
40
74
77
176
158
6
247
65
210
26
251
85
245
215
184
74
56
31
233
133
103
134
156
50
135
58
179
193
62
236
42
227
190
208
64
234
175
193
122
194
253
207
248
191
225
87
185
174
215
136
2
28
250
229
161
194
119
185
167
100
98
56
233
153
235
85
91
184
54
119
219
132
172
191
234
116
4
163
53
49
195
215
208
152
139
246
253
37
138
14
34
201
24
173
71
106
12
220
80
186
163
0
170
206
160
77
164
241
100
220
219
39
0
63
148
20
4
203
225
12
151
158
11
10
235
236
104
172
83
127
27
149
100
12
13
110
93
67
11
58
141
51
202
75
165
236
91
177
1
165
106
239
3
211
249
73
55
6
113
249
14
98
9
63
108
190
244
235
106
16
133
50
174
234
221
168
135
229
107
133
95
11
48
170
48
235
84
191
30
132
111
138
78
165
54
178
110
107
144
174
149
56
111
123
2
125
204
147
127
48
100
51
199
55
61
90
51
29
196
145
11
218
94
242
121
220
240
137
73
212
126
164
196
84
32
99
18
128
180
65
222
182
138
172
159
91
20
225
89
162
105
240
79
208
201
176
53
125
137
6
47
134
56
218
189
67
251
87
73
175
116
113
128
107
194
155
1
37
37
185
223
30
104
3
79
84
136
22
73
224
20
252
254
189
61
145
129
242
16
95
95
173
107
185
7
49
178
245
25
40
76
111
134
236
60
19
205
70
31
18
209
43
150
47
78
89
119
78
164
67
196
37
26
244
20
224
187
3
152
53
130
136
195
93
83
202
90
139
189
177
52
66
101
212
28
140
180
112
97
95
44