104
6
30
40
237
241
88
152
72
12
247
244
123
74
79
22
129
91
211
57
168
105
244
83
93
232
25
2
12
53
7
53
53
12
218
202
227
31
160
126
148
210
30
147
179
45
220
162
223
140
29
200
2
127
120
47
200
63
158
205
168
219
202
205
203
130
63
5
88
31
48
243
237
241
166
226
88
21
221
139
52
126
5
229
149
88
98
105
153
82
92
241
16
193
244
1
222
85
58
32
22
18
193
33
38
227
101
98
199
103
10
142
52
142
10
127
89
73
220
52
18
105
175
205
205
29
122
80
11
191
230
190
251
22
126
100
63
175
96
181
142
182
196
11
106
191
126
254
0
93
222
160
53
255
246
151
155
125
202
166
14
6
99
109
86
99
30
64
147
192
238
40
177
206
134
125
119
168
78
18
199
226
224
90
74
203
116
183
117
91
175
46
180
187
51
220
207
111
216
3
88
87
246
7
21
245
214
193
82
31
144
106
18
63
175
89
7
179
150
43
8
32
232
45
8
240
158
44
88
156
170
166
5
15
219
40
156
206
35
176
12
27
91
198
86
157
202
4
201
15
27
102
19
9
239
119
63
228
150
230
173
240
119
79
16
254
128
64
109
100
28
136
130
78
96
236
210
204
218
65
121
194
160
48
54
122
127
241
229
175
165
17
228
83
120
16
136
243
2
112
231
223
249
168
154
248
196
253
143
253
189
245
132
183
27
8
175
57
71
164
191
93
94
230
134
217
128
83
17
68
138
156
196
106
62
25
119
119
202
174
54
186
172
129
113
42
172
135
128
16
80
225
237
13
211
168
184
147
157
113
187
189
199
252
234
178
108
112
39
13
182
224
43
174
233
157
150
84
97
71
132
92
165
245
207
127
140
32
238
106
132
7
47
36
146
113
98
156
48
116
86
93
127
20
118
183
147
53
111
237
84
198
244
0
161
245
27
166
143
49
170
131
88
112
199
213
47
28
5
159
123
38
116
35
189
78
1
187
255
174
4
5
181
203
212
68
121
11
190
164
221
23
211
170
68
245
248
253
187
180
79
69
29
137
226
168
100
198
153
201
48
28
252
180
56
208
208
31
124
235
237
206
0
191
7
76
108
47
152
230
57
29
229
91
72
199
152
106
192
11
63
7
227
238
194
47
97
231
5
99
136
193
253
34
27
199
136
113
179
24
141
226
200
193
64
62
146
34
194
126
51
254
74
225
170
135
73
165
68
169
57
91
45
66
115
180
251
151
51
71
206
76
75
76
120
45
15
227
230
54
229
48
64
47
210
7
164
73
246
129
25
151
251
74
15
70
207
153
177
36
0
177
60
0
185
36
80
100
190
247
235
16
247
85
86
28
232
180
66
145
22
130
61
142
54
89
247
114
155
199
48
205
144
96
129
34
234
193
231
130
171
177
98
140
252
216
219
211
31
184
169
35
130
40
31
175
172
106
25
120
48
113
113
218
80
249
68
50
64
30
55
22
143
204
249
146
155
5
10
110
217
213
36
140
214
3
130
76
229
88
19
101
189
88
154
35
155
192
187
74
92
68
1
193
137
40
16
154
49
8
6
253
239
217
42
235
198
80
177
87
0
24
29
128
8
158
172
74
116
71
237
208
122
67
101
143
96
148
245
3
226
36
191
65
23
13
125
182
22
119
21
210
251
79
238
56
108
130
50
39
75
181
73
98
159
77
23
161
109
69
22
189
38
37
17
212
163
97
220
235
166
222
171
190
228
198
216
168
150
168
124
199
75
6
23
114
39
103
189
132
176
111
165
193
83
144
179
46
5
240
204
46
34
154
228
12
119
78
156
43
126
75
217
147
184
221
51
12
56
51
236
215
153
145
54
223
165
1
98
9
165
59
238
95
206
112
109
17
168
137
104
123
29
238
87
22
219
93
168
82
131
81
84
175
246
220
202
87
69
76
214
171
128
187
120
30
235
184
80
247
158
31
155
230
94
9
138
231
249
138
155
46
238
219
134
55
148
81
217
200
197
210
249
136
25
57
52
193
59
148
8
179
150
216
170
24
208
40
217
45
213
180
12
168
154
127
233
23
11
1
201
234
161
143
229
213
47
104
160
54
40
3
241
247
53
37
204
236
149
9
202
76
69
107
232
123
188
165
74
27
54
245
93
164
61
102
41
102
203
81
156
96
251
72
161
175
203
139
208
212
4
46
217
46
80
125
248
79
225
59
155
151
214
67
154
226
218
27
205
130
19
5
49
90
192
50
162
112
250
125
172
86
155
110
83
175
86
120
32
45
4
148
80
14
236
201
159
208
12
150
158
12
104
20
230
50
55
180
24
116
82
28
65