50
226
143
64
119
116
4
234
47
253
185
218
39
203
79
241
137
238
201
200
252
94
154
227
94
140
14
47
142
198
76
157
63
90
236
215
45
106
172
120
83
30
201
215
110
17
159
131
198
1
97
137
13
52
0
129
226
190
62
208
185
196
115
89
104
24
248
157
105
245
187
116
14
223
186
15
165
60
159
245
101
108
209
183
80
91
43
238
167
60
124
100
70
194
154
71
113
233
31
66
110
6
140
165
194
57
240
51
151
131
62
157
12
74
162
54
236
88
95
59
172
108
56
219
153
63
208
71
133
27
9
43
146
157
232
206
49
0
67
226
133
57
66
7
147
140
166
114
70
201
237
52
100
20
2
61
46
92
183
239
218
176
14
45
63
65
219
54
56
94
120
65
32
161
165
154
208
29
172
145
108
122
206
72
165
148
200
25
14
25
53
215
200
28
72
212
244
88
62
137
26
122
103
209
159
60
181
56
36
210
18
111
206
153
55
10
120
144
24
85
174
79
49
38
233
12
194
180
211
201
110
161
233
189
110
231
134
11
149
90
63
163
185
231
198
112
149
213
56
117
220
243
185
217
231
229
156
165
85
77
59
129
182
159
136
58
163
80
146
65
128
45
147
161
218
237
92
67
133
8
146
106
30
58
65
115
74
129
148
217
150
244
229
58
233
234
195
199
66
171
77
242
106
40
18
52
58
238
225
183
50
93
221
37
73
215
216
214
243
21
217
46
112
82
11
42
176
136
3
44
227
234
208
48
102
160
148
32
68
6
198
87
174
233
70
32
108
96
22
122
46
236
189
158
218
233
30
252
3
83
28
5
238
125
43
33
102
219
128
205
129
121
71
166
178
40
92
186
1
205
3
154
134
191
80
233
48
41
127
159
87
144
171
188
203
178
243
137
202
28
43
86
237
1
89
78
86
182
108
185
173
90
239
233
115
52
209
253
173
147
194
109
2
87
156
49
95
187
127
71
58
49
112
215
181
103
95
224
60
23
66
177
141
85
46
119
139
25
137
211
132
100
251
38
66
107
62
132
59
230
73
77
93
249
1
137
208
227
50
164
160
39
184
210
117
89
65
85
207
215
178
97
30
86
148
63
133
220
111
136
24
127
252
132
210
108
241
31
252
212
227
10
234
163
164
151
191
123
232
99
130
171
201
3
243
226
44
6
85
15
107
77
18
223
167
46
7
155
247
226
155
62
215
36
31
74
156
223
18
222
151
222
20
16
219
240
138
156
254
28
127
166
170
103
28
40
156
53
92
49
234
29
238
144
155
189
213
38
23
235
172
55
222
24
157
244
85
55
22
15
85
198
229
192
91
63
61
51
119
245
18
239
248
69
57
69
15
127
8
103
97
185
172
186
48
237
105
32
192
184
56
179
126
140
128
20
251
31
14
33
206
251
150
164
19
109
61
198
83
183
108
97
239
77
224
254
153
105
24
96
251
168
91
101
213
181
26
112
125
89
244
35
11
50
147
39
20
118
160
30
251
31
167
39
132
92
146
66
221
40
200
229
117
29
59
243
73
21
49
14
149
16
159
234
234
12
88
198
36
145
168
247
21
81
4
63
183
221
213
164
126
226
214
110
209
21
1
48
243
171
145
75
148
45
72
68
42
34
19
186
205
119
226
111
108
58
16
248
79
249
212
202
40
180
177
158
146
141
140
28
54
159
27
59
93
248
47
102
220
188
90
17
79
241
38
39
159
51
172
218
244
234
166
110
15
159
56
32
57
20
84
142
225
11
63
147
255
210
225
102
228
224
127
157
173
35
122
51
123
36
15
179
189
53
27
96
173
175
44
252
89
106
108
248
228
27
166
122
84
149
180
94
26
69
67
87
239
23
89
76
31
67
59
194
25
210
13
111
108
107
56
171
43
159
47
174
7
8
145
176
77
30
12
190
159
203
76
197
31
20
218
204
103
228
93
127
141
178
187
195
190
232
255
111
22
60
1
61
40
95
95
149
70
116
225
77
208
216
242
220
128
51
54
4
39
221
167
128
203
47
146
33
18
28
198
95
179
233
186
84
139
39
208
139
1
28
254
81
106
54
226
224
125
191
55
80
165
6
18
250
166
219
13
157
67
222
40
181
200
33
49
174
172
81
116
54
177
12
141
107
81
227
6
186
209
214
249
131
232
68
151
96
89
59
3
60
220
39
95
215
186
101
101
153
27
6
198
29
163
198
89
156
137
80
74
85
104
210
157
28
64
176
86
157
173
228
4
252
217
249
154
162
0
121
198
123
225
69
126
29
250
21
89
245
202
159
170
116
121
243
80
197
168
84
48
111
119
122
44
210
66
134
233