112
90
235
10
115
94
40
226
87
16
131
242
192
51
130
141
209
70
136
18
98
42
65
13
222
221
175
56
131
234
226
100
95
148
68
81
97
94
5
230
143
79
136
241
20
92
119
71
128
39
198
154
114
44
73
172
201
120
126
203
53
158
2
25
112
12
45
251
193
128
248
48
9
242
67
211
75
202
13
63
20
130
145
80
100
205
137
126
100
52
251
1
115
238
177
205
185
161
141
61
231
91
183
97
104
55
56
255
124
33
4
151
73
85
70
20
97
183
133
153
28
207
69
98
129
252
130
144
201
181
175
109
213
6
212
216
7
75
156
157
32
213
175
50
57
233
2
110
20
82
11
204
118
63
169
116
155
101
192
221
29
35
156
18
120
19
178
224
111
158
43
187
91
221
33
107
70
104
198
242
28
136
237
129
4
107
203
141
147
123
253
98
167
25
28
70
113
176
50
243
240
178
207
108
15
30
69
138
83
144
131
68
84
229
194
26
192
163
234
219
102
134
199
205
222
57
245
248
255
114
160
189
226
219
156
104
21
30
80
151
205
240
153
60
126
165
38
42
92
81
173
58
72
144
252
54
209
155
210
137
130
59
102
61
24
114
152
163
63
130
22
232
236
66
82
158
187
30
252
42
238
81
12
53
177
46
64
133
200
28
92
78
18
211
254
160
240
4
213
103
136
200
190
10
209
86
185
248
101
26
46
16
141
142
191
207
218
209
20
110
239
134
8
100
178
152
161
61
152
240
93
104
3
208
93
116
221
19
120
26
187
137
115
88
83
69
191
134
55
27
10
125
132
7
19
105
157
219
66
73
241
250
114
85
0
156
233
128
217
13
26
170
235
37
145
250
73
138
102
19
107
188
163
164
23
139
46
140
45
98
59
175
161
88
150
101
236
231
23
55
104
48
60
85
245
110
163
205
193
125
136
102
49
82
67
227
71
86
96
128
211
140
72
154
207
177
241
100
105
241
146
110
57
3
62
29
226
152
224
213
143
171
52
96
196
204
208
111
149
137
145
203
180
154
56
45
6
140
121
189
32
25
22
165
142
248
210
73
218
214
96
255
178
56
123
203
58
213
105
245
180
234
78
234
84
161
238
224
190
191
120
253
200
184
235
59
134
90
9
103
145
136
103
205
232
41
196
12
91
195
199
96
238
142
58
221
227
153
15
24
19
73
224
84
237
196
71
112
171
75
78
247
136
214
172
104
163
113
59
24
116
140
184
170
6
207
176
138
157
31
4
91
37
38
229
152
234
182
6
173
85
86
207
44
177
43
35
166
236
46
205
27
153
61
59
71
45
27
22
127
196
74
175
193
153
151
121
66
158
54
74
157
74
28
217
75
226
19
204
124
179
153
49
106
237
122
198
141
122
26
98
142
181
52
107
8
210
95
15
225
91
10
127
152
47
144
167
40
169
6
250
86
254
47
133
38
90
127
31
181
108
164
82
202
148
160
199
213
64
115
45
151
141
205
55
209
63
73
31
65
241
139
162
231
137
144
2
37
69
41
100
226
247
17
205
93
21
72
129
170
107
164
90
11
153
231
113
214
202
110
2
241
9
81
44
220
77
138
54
144
183
132
168
185
152
90
0
192
214
79
74
0
23
185
204
87
122
81
181
226
255
172
7
74
123
155
63
4
111
230
83
196
139
91
187
4
243
142
166
205
218
86
193
20
27
127
122
119
140
148
158
113
128
210
118
253
70
160
18
93
23
94
24
237
5
80
139
228
124
38
252
43
154
191
56
222
98
80
242
180
31
152
63
172
59
109
159
241
230
71
188
151
180
80
186
223
108
247
171
11
160
160
244
158
44
134
176
180
135
143
132
139
53
173
227
25
13
15
214
231
187
202
11
122
37
166
110
176
27
122
122
138
8
246
9
171
11
75
162
30
174
150
59
145
2
100
187
31
179
151
82
195
76
194
79
197
76
106
252
130
140
58
104
168
81
109
81
39
238
255
254
86
248
155
47
211
164
162
224
212
125
29
131
243
221
15
184
235
142
153
224
27
216
255
226
68
220
52
55
15
63
177
242
240
33
11
162
56
140
130
66
147
82
234
89
112
224
51
162
78
179
170
136
177
52
38
88
73
33
90
107
82
168
4
238
53
208
215
106
90
45
117
236
237
112
9
252
216
191
128
114
86
184
65
19
109
230
83
234
174
12
150
130
231
60
203
110
169
6
59
53
95
90
41
50
86
133
238
111
50
130
190
104
6
8
163
49
59
48
48
51
124
225
107
199
205
180
70
254
62
58
115
26
77
223
185
62
43
135
172
177
191
202
166
253
109
150
86
133
73
187
170
180