30
48
89
2
218
164
8
89
209
240
154
215
147
100
105
159
94
97
115
36
229
230
106
42
2
111
145
93
246
153
185
111
188
57
127
1
124
148
55
194
175
109
201
35
195
189
75
29
163
119
183
52
42
143
244
105
143
108
8
132
62
67
150
201
178
1
237
2
89
62
140
177
249
9
20
118
94
198
155
210
224
12
157
176
184
131
224
98
249
27
196
220
100
31
78
125
149
222
101
113
2
117
110
246
180
206
174
4
126
231
245
52
183
9
28
155
215
95
184
83
158
198
65
255
220
23
177
47
202
73
250
229
178
181
8
154
104
152
104
201
210
149
145
118
157
118
130
186
49
251
187
49
143
30
254
96
224
201
212
139
31
42
46
1
42
222
54
111
255
104
182
95
203
142
67
55
99
7
6
227
81
231
38
121
52
97
68
158
13
33
193
60
228
204
155
86
101
152
194
69
196
106
220
248
80
222
126
236
137
146
35
152
42
216
20
219
76
113
93
67
191
238
104
231
16
240
158
206
159
240
145
46
15
78
197
1
89
52
206
130
205
223
67
107
61
144
131
64
222
121
178
113
151
27
73
150
231
132
161
41
49
155
22
95
13
81
19
241
8
22
88
185
136
97
54
165
207
168
239
167
129
141
91
236
192
241
92
34
164
117
99
246
195
119
185
43
49
148
202
186
179
79
201
184
76
77
248
190
180
217
12
91
146
204
155
30
96
228
186
16
176
39
211
161
85
180
137
151
208
43
58
111
98
72
82
89
73
139
60
24
49
46
32
2
207
132
198
115
198
128
128
113
208
11
249
3
149
45
213
2
84
116
135
135
71
152
25
179
240
17
81
134
114
168
120
5
208
213
25
167
199
216
106
46
229
220
107
251
23
125
33
111
164
40
108
81
167
125
161
83
105
33
201
26
23
214
117
213
238
86
248
125
213
13
181
86
173
242
204
148
210
56
240
223
35
181
157
11
183
147
187
188
61
217
115
194
80
219
193
126
9
61
36
95
68
106
184
231
3
66
220
50
130
220
249
72
223
80
97
39
242
104
110
145
211
182
31
35
21
103
22
36
182
133
82
98
77
134
183
131
45
117
149
69
86
242
43
168
92
82
210
56
96
91
90
0
41
109
175
70
240
30
41
199
77
150
180
56
62
2
125
173
171
168
210
10
112
223
23
171
140
75
81
4
87
78
29
236
91
167
248
141
219
245
47
236
100
238
243
137
101
81
42
249
7
71
2
212
197
230
52
110
101
96
157
67
40
169
49
64
96
34
239
108
181
250
126
157
40
78
16
54
43
19
189
176
52
142
113
89
198
223
127
217
163
100
34
139
79
47
199
10
160
172
157
113
203
18
207
61
33
224
181
7
231
133
231
117
229
37
146
142
105
23
251
21
40
52
237
213
135
34
37
200
190
134
107
16
246
38
157
185
212
231
112
59
230
120
141
95
120
99
219
140
253
231
138
150
131
211
208
67
100
56
246
108
46
165
49
187
204
66
22
149
206
108
98
134
39
102
141
13
214
176
181
245
90
126
168
66
35
200
52
120
212
225
35
162
17
79
152
197
110
32
60
73
151
109
210
252
78
12
69
49
230
132
235
114
226
81
125
50
164
62
21
39
29
99
161
196
214
167
72
135
93
173
145
127
3
6
50
93
71
30
74
24
251
141
51
168
220
206
208
135
200
99
176
72
207
61
192
14
25
136
93
83
243
248
236
171
112
43
19
76
35
135
236
166
206
118
60
69
155
171
88
219
147
135
85
115
39
104
112
136
84
79
181
179
230
17
230
112
94
81
127
246
169
186
233
81
121
198
202
140
5
120
232
207
13
127
243
230
108
217
17
47
198
255
127
105
103
99
97
110
252
164
73
149
27
150
230
141
245
108
102
239
232
216
245
38
38
202
196
182
192
229
49
202
43
74
157
190
80
242
182
223
7
58
193
107
175
93
33
59
164
98
15
50
163
236
255
11
69
239
174
166
226
232
207
7
181
246
84
152
237
20
243
139
159
197
93
154
66
53
224
136
93
252
131
148
169
115
84
219
245
168
208
38
104
200
155
71
198
40
197
219
213
18
195
163
118
77
200
106
183
195
33
199
116
74
143
132
88
24
174
29
60
68
184
255
240
191
174
166
245
14
183
141
91
69
103
226
233
97
228
120
149
77
255
205
90
39
237
92
160
113
52
2
18
207
204
39
194
252
71
191
213
105
41
77
18
27
86
147
125
79
52
80
83
247
93
55
47
99
48
168
5
48
80
7
134
119
91
60
109
151
253
162
1
120
56
135
235
144
242
243
62
225
56
232
219
137
73