14
153
249
180
169
206
62
113
163
8
224
227
159
49
19
242
211
46
207
70
142
91
82
55
147
110
94
196
150
89
95
210
208
228
90
11
33
8
22
148
15
10
192
254
170
73
230
196
227
78
254
153
170
230
100
145
226
116
41
242
199
123
40
179
77
166
237
224
23
127
214
9
171
19
108
200
64
23
252
170
169
32
125
183
105
117
147
113
70
165
30
201
140
108
188
169
210
41
81
41
117
60
130
187
186
165
254
218
200
200
95
71
249
94
235
109
229
61
111
17
40
28
90
127
250
118
44
133
152
107
86
183
156
190
8
104
116
169
73
86
112
7
247
112
18
55
254
84
228
93
174
39
160
184
226
248
179
49
31
108
27
250
220
175
28
248
118
94
24
53
208
166
220
219
183
67
59
47
149
66
192
82
229
68
86
67
219
64
99
45
139
91
18
125
50
137
0
213
66
13
182
176
87
90
145
182
251
176
39
254
132
120
66
49
125
57
79
57
144
118
66
2
209
95
104
138
109
17
71
203
21
242
40
216
140
181
166
47
139
254
173
238
145
20
208
48
116
33
48
167
219
144
18
88
201
252
211
47
51
236
243
253
165
79
185
30
64
85
52
238
201
190
86
58
51
76
133
255
108
115
111
168
95
141
32
80
50
79
115
186
133
39
67
105
18
66
1
226
204
132
13
58
135
183
52
222
133
239
166
110
123
177
247
254
34
137
200
223
13
102
4
67
2
72
134
161
80
166
113
15
252
178
37
192
3
68
144
111
242
163
250
218
78
36
189
78
247
51
245
155
96
71
40
106
25
96
23
147
23
82
16
143
28
142
79
0
147
172
229
112
28
114
129
237
7
59
195
115
77
47
43
107
227
49
55
217
197
169
239
221
226
41
230
29
161
68
171
233
116
233
176
154
124
22
13
40
117
236
14
107
201
211
132
173
21
144
38
3
50
41
100
49
110
126
158
248
225
101
97
33
70
106
139
170
59
139
58
191
7
190
14
111
72
211
63
68
57
38
2
152
228
207
129
65
74
81
211
240
111
244
19
123
170
67
35
43
189
104
79
54
13
212
249
149
173
79
63
19
196
235
115
69
214
164
130
186
234
223
146
77
137
13
153
28
147
87
114
186
117
122
115
93
199
160
141
159
15
190
26
104
163
28
217
29
12
120
239
208
201
2
139
25
30
192
117
200
188
250
216
73
94
37
205
7
179
157
209
96
191
78
30
212
254
11
120
85
41
149
220
208
14
241
114
67
246
138
146
223
191
124
117
220
192
13
3
25
170
164
60
57
165
22
221
231
215
19
43
169
114
247
199
69
63
200
22
34
102
240
185
138
98
57
102
73
158
126
152
101
74
87
211
66
121
191
183
107
18
83
61
12
211
142
149
38
119
114
164
208
42
195
82
141
136
145
67
112
104
32
169
204
29
27
181
127
83
4
230
121
112
142
185
13
89
252
51
146
174
94
155
231
207
138
221
78
68
89
121
112
98
105
149
53
24
49
154
188
18
162
143
5
232
205
226
127
164
98
93
155
129
139
244
28
54
142
178
132
159
71
237
92
68
92
246
202
212
89
192
133
36
33
75
87
239
45
46
216
215
169
247
158
8
110
251
44
186
14
126
25
132
201
121
236
144
3
140
6
29
144
208
185
25
14
185
241
40
105
89
210
120
213
152
163
51
43
84
184
98
17
4
174
82
216
175
169
41
57
124
18
64
102
39
57
161
20
141
90
249
144
3
197
214
221
171
78
51
154
183
108
179
105
157
88
152
61
119
22
156
46
119
229
169
95
32
56
80
121
162
99
148
120
98
66
91
133
183
225
102
177
220
19
155
81
248
3
126
204
248
93
161
57
63
191
70
243
196
165
205
131
142
78
217
102
140
102
94
196
65
192
84
184
19
247
244
49
162
3
82
21
85
235
96
109
13
103
54
161
108
48
203
64
48
102
174
101
194
114
237
34
215
13
44
207
19
47
32
15
195
86
193
7
185
155
221
108
94
186
60
143
217
117
100
52
202
139
61
213
94
20
17
170
185
204
84
89
117
62
60
24
168
10
54
13
53
203
48
9
149
5
129
75
57
182
73
109
19
26
149
177
193
251
7
214
161
19
121
169
104
150
112
220
133
92
231
23
237
0
233
41
9
173
28
22
158
190
81
118
205
213
60
10
225
26
247
5
43
202
172
143
10
114
211
164
255
251
5
36
27
119
48
107
239
164
225
79
102
94
212
188
93
41
36
48
224
53
159
247
102
118
11
58
252
145
111
115
240
250
156
184
96
63
33
19
166
46
254
103
21
1
112
200
229
110
144