186
202
27
107
233
78
39
19
171
0
188
38
191
160
125
68
160
202
229
153
158
236
136
18
196
1
86
126
206
214
212
201
54
239
121
132
13
182
198
231
188
17
252
96
151
144
108
142
2
160
44
231
8
146
255
222
2
10
108
39
18
6
206
77
247
224
86
193
84
158
230
185
255
137
55
28
243
60
204
37
9
0
232
99
169
207
161
222
87
52
169
176
56
195
65
238
29
26
37
4
2
130
68
181
55
132
187
97
154
231
115
194
18
194
18
150
192
34
179
216
24
153
37
246
29
145
138
154
227
190
71
180
130
25
23
20
139
6
253
35
40
52
199
253
22
170
68
202
163
155
24
102
242
161
134
204
199
107
117
39
1
197
117
213
196
32
149
102
61
176
22
112
25
64
210
34
155
109
128
100
224
122
150
207
11
21
51
117
2
54
87
185
215
235
137
181
188
239
155
21
208
71
77
92
154
139
30
70
198
161
147
11
194
204
145
68
213
61
195
27
4
83
79
175
253
194
26
177
141
64
15
132
50
145
11
32
154
83
223
44
252
23
150
44
188
141
166
12
33
145
41
189
147
214
250
153
152
128
128
157
211
200
96
95
74
247
219
249
165
199
233
111
153
54
12
91
54
203
189
19
216
124
27
22
49
220
75
183
19
249
174
55
148
3
195
141
135
138
224
56
5
155
246
119
58
183
27
3
64
67
1
99
244
178
60
0
204
125
221
132
159
73
106
61
88
200
140
84
222
196
72
19
162
128
182
179
34
94
104
255
175
11
78
12
40
142
121
205
118
232
97
199
18
178
102
154
226
31
70
30
192
175
65
168
43
255
45
167
46
28
4
120
19
175
127
236
195
13
48
21
158
26
143
175
151
40
179
39
20
212
230
106
132
203
228
191
6
45
221
49
222
40
6
173
35
92
54
233
66
211
134
138
83
182
40
113
180
17
12
141
111
74
186
103
196
82
160
192
128
201
65
171
250
129
53
13
254
132
137
9
25
191
134
54
3
130
134
253
37
181
140
185
193
24
125
183
52
67
166
100
196
51
14
68
66
108
83
38
218
131
28
2
49
152
118
185
77
0
55
47
9
222
49
111
114
218
24
217
103
199
205
160
27
204
202
49
189
89
138
247
149
204
48
163
158
69
234
4
73
171
36
13
233
39
196
110
251
208
149
195
16
99
113
73
234
49
37
27
20
191
109
18
174
13
22
177
5
21
23
5
223
88
199
145
17
130
161
183
252
178
185
25
51
118
216
239
249
217
170
96
135
103
29
25
30
222
143
170
57
155
223
208
162
45
240
122
192
108
213
101
126
78
207
153
207
146
137
113
128
147
56
147
249
167
8
26
153
104
162
239
144
159
29
195
170
201
146
165
169
78
28
161
209
99
31
43
119
31
42
207
118
104
195
208
137
15
199
60
182
150
88
217
104
148
172
29
248
254
32
109
76
148
64
48
154
61
144
23
105
207
85
171
168
90
236
78
75
9
148
73
120
59
227
55
99
44
174
148
224
180
247
155
165
248
74
25
124
148
253
234
143
103
232
15
18
137
225
194
139
230
232
146
189
199
184
178
220
116
138
98
244
111
85
91
176
113
32
226
236
42
174
125
1
88
91
229
254
49
6
10
44
223
165
167
20
245
20
162
7
6
49
72
247
238
90
181
59
99
238
233
168
170
132
176
113
163
138
164
108
19
243
153
157
134
109
111
119
247
107
192
84
201
19
16
84
112
156
23
154
117
254
87
82
74
84
62
18
153
127
196
55
182
56
59
219
40
145
18
104
173
71
77
121
199
92
3
153
29
194
102
161
157
93
36
180
172
232
76
119
225
188
89
134
15
118
145
15
160
21
67
248
81
21
25
186
137
234
217
120
8
178
19
130
218
233
194
37
127
50
17
219
86
125
118
254
9
56
228
65
27
94
93
44
49
91
246
229
148
126
162
207
89
195
194
243
34
52
210
145
104
44
49
108
50
122
194
61
106
41
184
157
78
243
219
75
220
222
25
124
105
173
46
49
22
133
237
48
0
201
123
176
160
225
62
4
15
167
199
22
158
11
174
205
155
224
172
149
94
53
219
161
154
15
96
117
10
148
33
84
97
76
220
212
222
41
227
215
52
110
119
17
224
0
39
234
167
54
218
214
242
72
105
40
119
35
9
207
81
243
52
126
20
246
11
231
253
141
53
148
179
230
116
184
70
157
61
129
229
36
16
100
185
59
220
106
194
125
181
229
2
122
12
85
122
240
59
12
227
219
174
131
221
140
130
30
44
80
120
45
142
49
117
4
245
74
58
70
248
164
239
115
128
206